,count,mean,std,min,25%,50%,75%,max
fixed acidity,4898.0,6.854787668436097,0.8438682276875188,3.8,6.3,6.8,7.3,14.2
volatile acidity,4898.0,0.27824111882400976,0.10079454842486428,0.08,0.21,0.26,0.32,1.1
citric acid,4898.0,0.33419150673744386,0.12101980420298301,0.0,0.27,0.32,0.39,1.66
residual sugar,4898.0,6.391414863209474,5.072057784014864,0.6,1.7,5.2,9.9,65.8
chlorides,4898.0,0.04577235606369946,0.02184796809372882,0.009,0.036,0.043,0.05,0.346
free sulfur dioxide,4898.0,35.30808493262556,17.007137325232566,2.0,23.0,34.0,46.0,289.0
total sulfur dioxide,4898.0,138.36065741118824,42.49806455414294,9.0,108.0,134.0,167.0,440.0
density,4898.0,0.9940273764801959,0.0029909069169369354,0.98711,0.9917225000000001,0.99374,0.9961,1.03898
pH,4898.0,3.1882666394446715,0.1510005996150667,2.72,3.09,3.18,3.28,3.82
sulphates,4898.0,0.48984687627603113,0.11412583394883138,0.22,0.41,0.47,0.55,1.08
alcohol,4898.0,10.514267047774602,1.2306205677573183,8.0,9.5,10.4,11.4,14.2
quality,4898.0,5.87790935075541,0.8856385749678454,3.0,5.0,6.0,6.0,9.0
